1.2 1.5 1.8 2.1 2.4 2.7 3.0 3.3 3.6 3.9 4.2 4.5 4.8 5.1 5.4 5.7
1.3 1.6 1.9 2.2 2.5 2.8 3.1 3.4 3.7 4.0 4.3 4.6 4.9 5.2 5.5 5.8
1.4 1.7 2.0 2.3 2.6 2.9 3.2 3.5 3.8 4.1 4.4 4.7 5.0 5.3 5.6 5.9
1.1 1.4 1.7 2.0 2.3 2.6 2.9 3.2 3.5 3.8 4.1 4.4 4.7 5.0 5.3 5.6
1.2 1.5 1.8 2.1 2.4 2.7 3.0 3.3 3.6 3.9 4.2 4.5 4.8 5.1 5.4 5.7
1.3 1.6 1.9 2.2 2.5 2.8 3.1 3.4 3.7 4.0 4.3 4.6 4.9 5.2 5.5 5.8
1.4 1.7 2.0 2.3 2.6 2.9 3.2 3.5 3.8 4.1 4.4 4.7 5.0 5.3 5.6 5.9
1.1 1.4 1.7 2.0 2.3 2.6 2.9 3.2 3.5 3.8 4.1 4.4 4.7 5.0 5.3 5.6
1.2 1.5 1.8 2.1 2.4 2.7 3.0 3.3 3.6 3.9 4.2 4.5 4.8 5.1 5.4 5.7
1.3 1.6 1.9 2.2 2.5 2.8 3.1 3.4 3.7 4.0 4.3 4.6 4.9 5.2 5.5 5.8
1.4 1.7 2.0 2.3 2.6 2.9 3.2 3.5 3.8 4.1 4.4 4.7 5.0 5.3 5.6 5.9
1.1 1.4 1.7 2.0 2.3 2.6 2.9 3.2 3.5 3.8 4.1 4.4 4.7 5.0 5.3 5.6
1.2 1.5 1.8 2.1 2.4 2.7 3.0 3.3 3.6 3.9 4.2 4.5 4.8 5.1 5.4 5.7
1.3 1.6 1.9 2.2 2.5 2.8 3.1 3.4 3.7 4.0 4.3 4.6 4.9 5.2 5.5 5.8
1.4 1.7 2.0 2.3 2.6 2.9 3.2 3.5 3.8 4.1 4.4 4.7 5.0 5.3 5.6 5.9
1.1 1.4 1.7 2.0 2.3 2.6 2.9 3.2 3.5 3.8 4.1 4.4 4.7 5.0 5.3 5.6
