2.4464480692134423
3.167339059321711
6.2050608416697
2.3861300414439834
1.4396403598469965
22.569604402236045
5.208203493333325
5.969649639000939
3.8206105840283744
1.2398517054254232
1.1098317902565937
4.88445200809561
0.48093773455669064
9.129459212516934
7.384016009865044
3.878152146766892
4.094971486437566
2.7344758636767037
7.209462933959417
1.07672964884979
2.5942110243515137
7.734268795209153
9.053183518000104
2.5679379286308226
3.2384965515098894
3.643261058233433
4.321126785472301
11.59255165044494
4.976529838822258
3.703824370369424
2.205913962987807
0.8184277259824099
4.317771350809436
6.425294528403108
2.47683762504221
4.800491013488438
5.827349369922848
2.619803654321178
10.453977145510356
4.414071097486306
1.1176766944468879
0.8926582921463068
14.330606258912486
3.299623964023003
2.726898216005723
9.165427246554309
1.2395667792608558
2.2593024935605137
2.909436156863544
4.312908697865873
5.058867278652231
5.992230286173635
3.0547609034567462
4.252094987518477
13.75187047558956
7.234860644445039
4.675426429354003
6.968744624784863
3.9196017847958196
2.0258442728738815
11.069706098032604
5.138612253592829
3.3994561392122824
3.0543386243427717
3.202334537126824
0.8956880953258887
2.0939072896007622
9.168436517777698
3.4464788005674625
6.329872370593718
3.9474769319614076
13.832531758950616
6.595271286084348
5.886579028621763
1.6507106066684807
6.1704958892279835
5.333934720580248
10.68504634439502
3.043383942027305
3.1712239723911546
2.9126511385277847
1.308605354310751
4.537868934430294
2.7852988303607407
3.5402600837436693
8.61209610993111
3.6383478170616987
1.2578794477633402
1.8665815065167606
5.482997126927544
5.749906598616547
3.414351759818018
8.413832766279015
1.432321687999063
4.832062471153166
4.0442755212054955
8.890494334321646
1.3318935435263926
10.040310730290985
2.159473515943261
6.006431662522489
5.5770717322242565
1.6231678562094485
8.338975746659903
7.39691668605823
5.281171566714222
7.034877587226096
1.3364507975294502
5.231520023214323
4.437662992309442
5.452874003776867
5.827331176140169
9.156704797605327
0.7140166436495978
3.253681203651029
8.881549021027775
5.745255577696079
3.9331407829880383
4.496234655555824
3.0593739364911734
5.221694034593962
5.27930345932442
2.715120745405494
4.699980990594696
4.661919218644511
5.572289468946786
3.4505898463738207
10.150126383853197
5.374795362868528
8.86058238762311
6.5984124626196685
2.931380029658551
2.723583120766554
1.3117649030898244
4.972611934327997
4.705439125743359
2.0903786329289646
1.862172255319725
2.3979048751980536
6.710132593600616
7.271893995553199
1.5078622983196137
6.944296261846019
1.597410744334343
7.206340413491167
8.157739973783302
3.216385502282089
2.5414855399549223
7.88046351345249
1.771568464124713
8.493834462381082
1.9058814166585702
8.411600138293345
6.673771399343649
3.140088625952023
5.0172216973927375
7.457788654200416
5.525898462282712
5.168461329829648
10.516378614223669
8.155222186025103
5.723009748892678
3.1859137324657567
1.3297130043362415
1.0751903919785173
4.656581415747879
5.466766092954955
10.846121993319239
3.225068051251012
3.0792080616787993
7.5318431288943914
4.832523712307408
5.421019072783946
3.0181523430204837
1.4181827036571228
5.454782322277295
1.4671120222266616
1.2408235853104885
13.925819847732352
14.171557023469632
4.0150759541674415
6.476104920348969
4.780387241312973
5.955776418800527
2.550692725943287
2.6598083011017706
9.498776057598327
8.851130947801908
7.554347651645365
3.7370715705650452
6.915075860781899
1.2532745114570563
1.8735509763544564
4.085030802910246
2.3316392988525476
5.282917985193722
3.52570618021278
2.0801889774052684
10.588768079220293
3.904362008838985
6.299675601812958
6.156784082761245
8.344352318660087
4.109045678892874
11.254999682096678
4.2558975772239
3.0983518882313583
8.354209376476707
1.135369937001364
8.90925487707677
7.721011719838178
5.093342061303992
4.4435201098717805
4.546468914007809
2.278811473203937
2.6490091225619974
4.906002757873078
3.6647265508679148
6.632554427790998
3.7017935948814014
0.6695408011743914
11.07411342267263
4.166676113705405
1.6213761445000512
10.034051785053654
1.8846598247884188
5.08873417062968
2.2629973188115193
13.190953366426477
4.1392929219860655
4.653367451251478
4.620327456205277
2.9954703663822166
5.5040194931012065
6.435925546240099
6.910323418581126
3.653502041806279
0.7919750585509198
3.0914267777560127
5.986462395023742
11.672371596582742
6.7830245975292085
2.245792057046767
9.428248542123047
3.1451390180478564
16.57521800056435
1.0416659295261295
2.74755711829954
2.559346685614429
3.88410265149524
11.496181403787851
3.06492917702177
8.815576862214147
2.312699297355864
1.4860226562232266
5.988568682307661
7.640841858950487
3.330710916459098
5.428036467277838
3.5928616350822327
1.8093956933099289
12.868725665996786
1.4315167838026401
12.00834122258955
2.7091389482478676
4.392032565154863
11.834396073288724
16.288745024636338
4.997876707119116
3.3213288555008322
2.8972156403051303
3.5701319160362637
1.4674610167081827
5.683326175550312
5.856828406375907
3.1608067225227043
8.98929394365426
16.65514680121493
2.7179780999234953
4.052974148780485
2.428163929770039
8.187605958179969
1.5218330686508115
9.387558412938882
1.0950052419774088
7.997857307905654
5.473832824327585
2.0611707483140176
3.427351865659351
8.185426108478012
4.736193502110895
4.080921435284713
8.66926998288123
1.2362914824603977
5.270210987135384
1.5931801140419823
3.3320781989326806
10.848316901258698
3.565852073476353
7.278787899980879
2.334430663863046
4.3896215093548205
7.277804676380498
5.401157543928729
6.040063112196001
5.379319985471798
9.633191535119018
0.7392321974859248
10.411942378303358
7.050689397299497
3.426598553144632
1.5647347464171184
5.755373987365089
1.2159479711512136
8.747223741722264
2.901806587888636
7.086299137838536
4.56430228177133
6.339414537078677
2.3997339141332703
10.762278055927034
1.952177123716495
4.504114158102208
2.1535593378399507
11.332328394573095
4.982188159246142
3.3299604712600623
2.296292380761394
4.255516295625972
12.553149582452646
8.983316024130364
6.684194687482824
3.044900292027508
1.7690998781960214
3.8056901459414876
6.587117433567825
5.536960805545333
2.3657868218763145
2.953723662138271
0.9980587462860924
8.837157213589208
7.827972130367937
9.324528418715046
2.570335115420475
4.118078887252061
2.809921092821307
4.850442536754282
8.080598562107808
6.818624598791267
2.9250825083000866
18.175362375626403
5.559040946194187
16.132597542812032
1.6233045896599152
10.780482238874221
7.061909795411086
6.731548457190491
3.426131247126631
1.1290892502023309
8.119779419994254
3.7862893562765176
1.840697941088757
1.1109080542111374
4.527168283716044
5.04617678402696
4.259831875588992
6.798503766048811
7.212621224244103
15.295932573496938
13.238193174473338
1.698410027750954
4.789555029226948
5.700479673235376
3.862852052986925
4.214280774444643
6.290278965681274
5.264254399123075
4.86068632268521
4.021933694876255
3.006797809506851
9.649381839083276
1.8379149763688734
0.7191348529886942
2.8602029556853537
4.865790577261657
9.245035778481277
7.497878749077444
4.471544833029794
3.074596805070559
4.970235602890157
10.224473672937286
5.980559490412
3.740907856048033
3.6239221647939326
5.810406115756466
10.889255650994006
3.493993999552279
8.119455307041465
3.228404393128296
4.243997916351793
4.410601204510504
4.613433408731133
1.2391967454102022
6.197333279936283
1.3817221050192028
3.7496361886217575
3.4153327272894902
6.952828810231045
5.590692083771607
9.404322434831007
3.161496020595279
5.504749358656072
0.9517756985633434
0.7284007733323328
3.6020981343265315
9.158375378986646
6.852717688371846
8.83413865685053
1.2576153299705801
5.366506763935367
1.7552325088065934
3.357192384347664
10.130741289646798
6.543683187535091
2.4651601734728366
4.260079136760957
7.387482498541842
2.4526975305816743
2.1206587418933314
2.3482365741996483
5.44359925962055
2.5630987454598637
3.911340728015303
1.8654803228510157
2.863366820263575
2.2476397363098615
3.0507066063641295
2.0337197677821814
3.3799848187412413
6.616431482262709
7.01507767883494
5.4794082285952745
9.645502951396917
1.4503533639502832
14.005428006182884
4.66141018330416
6.084368884474875
5.224497179546684
5.507112294361394
1.5560886380112577
3.011175208234817
5.227376696711103
10.411679260770345
0.24685782199899456
8.319477922445747
7.314844745848838
6.029042463691756
5.035271043792933
4.476079198585919
1.2324132935396306
8.308118065318952
3.70289652651671
1.0031220999369317
3.828173262199431
3.8263356576985412
7.958106932618876
4.5690483472700265
1.369332298817606
1.1933098347970834
4.97315596834058
2.5373683784587975
2.9066425131201963
8.75099885588259
3.776667927827908
2.044046986174909
4.973324332252696
0.4500104670074879
10.452222817598676
5.370740372050584
2.9645314708877137
7.6937724506388
7.504285508678456
5.874350601394204
3.196527350231302
9.376732821209457
2.3898273363144718
14.019520196595703
5.384160333383641
2.4544097369709204
1.2566766250805246
0.6061759778496923
7.6666757862573505
7.310013741069514
4.183451775521188
5.77078895367463
3.185964306809698
2.24089950242549
9.715914138379933
2.345415246233417
5.367353202749656
1.4656056951290084
5.157598501786702
1.5863788677277793
0.7884296748104825
6.606292648218665
5.438188942606617
3.2654549724982127
1.8769358844256254
2.7597949668763597
5.96200632113422
0.84043424051788
2.7735387182731075
3.62945701294269
4.081449522508695
4.95606304504732
2.975050896576256
8.264659330234736
2.5767335681746686
1.8507267768045421
3.572008258866103
0.9509117319427661
3.836125230057713
2.9577332478747604
4.127873922347351
2.1012923690075547
0.38252395780835957
4.713821496042034
1.8671942586565147
6.334150991160087
5.280009626301697
6.208473844503507
1.728538774914427
2.1411849921757344
5.764207156968388
2.0422976392709797
0.7572169960701786
4.035866217842716
4.0677511161273605
1.9060768933732395
1.3136385628881229
4.277914961631326
10.441833360707545
4.830488242087456
2.2117790171531033
2.9738477484861825
3.77630172501924
7.9633532700651335
0.22355069565811905
7.966896381548026
1.0784279372147745
1.980123858008392
11.552473729431151
3.174951384578181
1.9792515370050012
6.797922919415832
2.3424454815315148
6.705957053261596
4.100088147165007
0.9239104825450329
1.765654420408528
1.5109653187592123
6.978959331676283
2.078571897295512
4.348231087418221
2.5433422938988945
1.4643959562387439
4.747559925357047
9.32280009684423
4.150295643171827
3.075113784325383
4.921192243336665
6.936378649300824
4.776319182509803
5.702720064540868
11.26071505419469
6.40929259674641
1.6832412216431225
4.316908522088863
5.221790146911662
2.1348460123284
11.488952111624313
5.691896725198311
2.035478759691019
1.3090371605207842
7.695156993158064
2.4841137269127556
3.3182773547648456
5.7610580080722995
4.525489507633903
3.054048592383112
8.877265169877184
4.815156550833905
2.927413607594246
1.290473350184631
0.9336859603169163
1.705923209950136
12.9875714567636
6.348198205837452
5.515658636012832
2.2849869623433525
3.0234929146086467
5.513228797812429
2.69086128959197
0.7514974138515148
3.6652417685909633
7.873207643190577
3.628348597774996
3.0620196530143193
1.6985228142449411
0.9690463208270448
4.485468260678938
2.856141704100273
0.8806081364768636
5.286143223223907
3.0302826933425844
1.9963890104982027
1.6686321969030784
7.005402294145586
5.241435071981682
2.9641819500635416
1.0038779099371662
6.356586593358087
18.25052149699289
3.1259205292889622
8.596554014835139
3.1380859737783067
1.0054967198147997
8.394794472642888
6.846727079815935
1.7855027292421504
2.3946023882089675
7.167064756434266
5.069079182827534
10.228392247780551
0.8487720122888024
3.999493049631185
7.460977916826842
11.969560057649922
3.698446215064113
5.203315572477834
6.487639680194908
5.643377599418389
1.6374298262143192
2.045783074060281
3.5299302237815278
5.394686703152042
3.1132215659518043
2.8664677487212784
10.586575090523052
2.2362414703028746
2.5202492457744547
4.956906157468192
5.181482730558313
22.12769588426341
12.370307344006518
3.2939921805416073
4.574921542844813
1.8927419707812851
8.683795566041173
13.961666326061717
10.301840749220764
3.765096875583505
3.6714591081480603
3.8930741471396697
12.8623288291811
2.5301309881440774
3.1137784467272542
7.869575162159847
3.6677272682564896
10.342096889445173
5.538931747489502
0.21513705759057394
5.684183063130038
3.359803283857467
8.55263999208579
3.8584221337674576
11.34809440614598
4.591758251839974
2.6944407154982497
14.232990745552636
1.8830140700616151
6.466477130476369
6.241358946700939
3.589692646052992
4.395674431319454
3.882491987190437
7.365474400748263
3.2586794007697293
2.53920109665799
5.1526542043233885
4.319326073069711
3.9848628559823203
8.876990339244234
6.270196694989052
4.483851055558644
3.059172210768197
5.004010478697371
2.0756293369331917
4.322812587200894
2.6750018617323104
3.3043501692114927
9.135085681296948
4.3478709534000535
2.783020472258228
5.4576123254411595
1.0191306336463455
7.618537976060578
8.000375688634588
5.367375877963367
5.06655457176438
5.696184991502538
6.604403482002464
2.674429674657915
7.023697348258867
9.176492576957301
5.429808591756555
16.363335365990004
4.626019135168031
4.9291118865923815
2.0808172347377174
4.218778920186691
5.066375610651478
8.207912905696416
1.7494335903014993
2.424331255586229
9.561013940414513
4.600759511708784
8.227630306414207
1.9390430951582187
7.708627396319502
4.337840479402681
4.360401583064944
8.330399265285598
3.770507449553043
5.672603690367861
5.223288014627354
6.059194638320098
3.046010414061724
5.8507747068223805
5.385433478552476
1.0949873875410627
4.448637528587132
5.9720514536135925
11.93104427807548
21.34815858751024
1.7148833451507972
17.065752160081498
7.242903517146256
3.853350226710575
5.868461599909009
3.0381814895911403
5.39139202831774
4.501114567745064
6.2923332545924255
4.419862480190412
4.279785686872577
10.425276028839003
0.818498356247531
5.104086958017337
3.540200120158039
4.6258830098199
1.328721245672924
2.2949256539444356
4.160455031303388
0.3894564557383131
1.769264384254629
5.549496894543924
7.834808575182815
1.72900723052109
12.955893742147254
5.662321774118818
1.7834095917214001
3.24944970975091
8.560205627906827
1.9374698817765854
8.15319432602076
2.130832049758592
7.594019390458301
6.395446794826909
4.703208104483539
6.282461693045844
3.778365291866021
4.95811199380829
4.025076351747627
10.603484376445167
2.668056035134402
9.167705655922147
2.4969957553390563
4.8854848941297915
4.631076966300476
7.68354985462363
2.4723200195824564
0.7023773547868858
3.1950473660795002
4.654658314969536
2.5823328333973463
5.552164878032662
10.572613121187153
1.3686954544846648
9.009885771989223
9.103513277130846
6.89049581081978
5.471861728812043
5.071542809936306
7.173331835740707
7.5204057710917995
2.6964511322386002
3.218740401230342
1.2733294458917566
3.440981532045978
1.497685970388243
3.3949928297096843
3.4023431422736894
3.8537170677827275
6.709954675831061
1.7199501954315617
5.156347517996652
3.5230063396298354
9.227531070575312
13.48277041363607
4.087906324526302
4.860597001297951
2.1540362078906203
11.827133402825728
6.343371676317359
0.8359127672009662
11.69369716108854
5.177758526028311
3.9749207666551842
6.146480967305208
4.444584391491773
5.298932336036247
5.944930334055219
3.543872290849716
1.6264493681491765
6.200196759257435
6.227755218456576
4.1416430137810245
3.4451037589722966
2.9502994036173638
7.111830431867544
5.786087408573789
2.167856484385314
1.8350049577793233
2.3620658891377757
12.412063863585436
2.5981495780981834
6.976517203491571
5.42493777667372
1.6535408715100257
1.1852316614151512
2.8825248056599198
5.367105078051991
4.70691438958519
3.6516423721880877
11.85984507124337
3.5500188818250002
2.7483505900909613
4.304363701924582
4.180376057677661
6.07647898471798
8.221048336873656
1.9708237685760326
7.18729031279513
13.996837158573463
2.3159779590869602
2.015949164921796
1.3165366594364376
2.740893338503632
4.768566490210086
4.58681960384266
2.299582889541843
1.9713752077047795
4.824833545915864
9.90393307590793
1.518435731072394
1.6264831023796487
9.733389356998735
8.2338504840065
7.33332664834473
5.946393024885388
6.880213453158216
7.494500918036808
2.9463650957364655
5.382529291113069
3.8936263227914356
1.6344727855014238
6.052130137682435
4.938765081264031
6.616315354321425
5.09185886780425
3.0778608530804434
2.545763856256966
1.2767794083024364
3.4763998253958763
4.731119468438842
6.239517244547312
6.029667976267334
4.5586064334163785
9.358589527423463
1.91190794573722
1.7341742210973274
4.2707932679561
11.06236761419471
2.0332814301962716
11.125443605482038
2.7973271778105215
5.778990562554122
6.016247171175831
4.409941967209154
3.9163071142116292
2.288112956983904
2.8252010216974046
0.6489791952130691
2.8276198104405803
0.95642510866638
4.4795754671531265
22.176930614591292
0.7863933450856326
4.412609284211822
4.520417499639986
7.484538280363874
4.694081172606124
3.8434506590638953
3.2299806654302126
10.308051120933445
5.6990094894252845
12.786299833146048
1.1005247894443242
17.491035785019644
9.033913606628364
6.422432396056951
6.691261103053278
5.910678304438345
4.513900399789417
4.687090195991538
8.62767311767653
6.170354953373084
1.6936326609466288
10.410947291993333
3.368641424265804
2.473525062061111
4.26308816377023
3.4156538356873187
1.7555509933971423
9.397262000087466
1.4549238004088079
11.499959172284742
17.729627146831106
11.641561099468282
4.263145994026237
3.1232707560611352
2.160644508599937
2.8879557257569397
11.550740970496275
11.125277586587405
6.812204507179461
6.644000888194389
3.6490195631399764
0.6685028246814899
3.4067956128776866
2.345022725184381
11.566107530798773
6.580345504108329
10.129480961673613
7.965627589210498
3.8704280003105676
5.609349300636889
3.171117860240817
9.90949006642685
7.072736170078105
5.23978209488404
2.347323051943733
2.3202632551738804
5.993631912727293
5.073520472762741
2.7622721849863985
9.532924917120033
3.4936318340632955
3.971451815582787
5.91046846732013
3.121886468073932
4.285581772967173
0.5810597241462002
11.328602555356369
3.6631403701898857
13.087401946448944
2.083327658558754
2.6993423306448956
5.844085887330858
2.3596272967828513
3.5805208068489356
6.321803379674666
0.9232384453017851
1.9507297541388948
2.353756284509558
14.085681445028543
7.173750036470286
1.8019340171931162
2.8200526753877715
