1.1053209170099147
-0.6279034660651938
-1.4058451092652826
0.7786650855401818
-0.09655129218771798
0.04298580327645507
1.2137056156624222
-0.9361949899116134
0.791472952661722
-0.2330286371580299
-0.07112913012255594
0.24043784581640365
1.844853611899257
-0.09729001054011785
1.8235629289133524
0.5971140802141489
0.5104610711920141
0.39210839177812773
0.3231788602711873
-0.7344566867042939
0.6487746854935506
0.4412016499299169
-0.8927886692507963
-0.07891934197764511
-0.4989677496709488
1.4849461402121618
1.3039375858466031
0.43349954762958937
1.0505191505824063
-1.2509332286522672
-1.0819096138694848
-0.05092774656820306
0.6618186910129654
-0.7863535745165824
1.768018083381689
0.033964742655791455
-0.6277846380445816
0.40554568847194933
1.0672141878059718
1.6497389702762737
1.4529451723377953
2.742324170353486
-1.952589742245507
1.478837509681944
1.8934243529720929
-1.8487595380389785
0.06826590493508666
-0.2388403987688425
-1.4924442500611437
1.2749701161398428
0.22622837739185775
0.21422139030934065
0.9930550963979516
1.1246133627411572
1.1885848386302473
-0.7769918432950538
-1.0513333555188769
-0.17487347500944295
-0.44439234022938895
-1.159551507245279
0.9569597506202644
-0.518586919657881
1.2064904022550844
-0.783484072230662
2.124519997946975
0.4281247367196818
-1.1939273396594026
-1.668730756586528
1.709037320205537
0.37880947506695417
0.0443453005911675
1.1409390406852185
-1.3818618823430129
-0.5871698795106614
-1.004112344001882
1.0809576685468938
1.0595813287199167
0.2846595257073338
-0.6422305340378667
-0.1505270888304974
-0.22683289219084818
-1.2931813728166246
-1.0405056961231827
-0.5139592714303147
0.9130009332850865
-0.46398012290874335
-0.0683763771452692
-0.8906887817637823
0.6941916108115641
-0.19288811317501645
0.6204624125950288
-2.137396897060165
1.167947876951074
-2.4792763079727917
-0.21524251663677998
0.6540655648276706
-0.22136049691494014
0.14512069469983693
1.7218318441640064
-1.279581283803468
-2.3258435008614597
1.2065683894567985
1.06867448995025
-1.4904090037585414
0.9907852520242657
0.9862642815578405
-1.536305744512592
-0.1787574961855096
1.6792018769089807
1.664301661256195
1.8030806620484245
-2.436758816686579
-1.3911382512785133
1.0405245953907978
-0.7447859594188284
0.3383999854614777
-0.028997953429474012
0.4947094730842286
0.9308247192494455
-0.8242509466350456
-0.8086214932115179
0.35524596632179517
1.091653322189257
1.7078012900008164
-0.13298236322078677
-0.9077793963510183
1.254533617484881
-1.1361505865342216
0.7542562502059451
-1.2107496459662634
-0.3161431161143803
-0.9785325416838602
-0.7576141001566915
0.7546324556789938
0.23081424882636353
-0.8171762292104152
0.07540309193175175
0.14320288377561563
-0.8092811883622378
-1.637221149103486
0.10317604133076148
0.623294029034062
-0.4639864911521425
0.7568084251653124
-0.1371508248906813
0.06929184751599538
-0.3564192976145255
-1.9787831700136342
0.31032759442779545
1.487623750614833
1.056353693130312
0.09437746120585733
-1.0989583493005546
0.8551867303086189
-1.431225676900968
0.6982420917275424
-0.5452560243649687
-0.3022452056338964
-1.7518632309429465
0.9109512296684692
0.049752207516520125
-0.5684653379202393
-0.28297122833455735
0.6247835564803016
-1.1790863412736443
1.733523711937981
0.3972867757358019
0.09943709743214157
-1.7768415264079793
-0.22931673091122382
-1.2563829894234584
-0.15622556254677125
0.7733862431573626
-0.9092541948946458
1.854109214437018
-0.8783603573645865
0.8662465915180257
0.5630678410754978
-1.2615769811321846
-0.3546249347322908
0.09278126219913203
-0.8844759511273123
-0.7392358691418391
0.650634668219972
-0.3723390540955172
0.5942395195148343
-0.9511324082968238
-1.4608606951816756
-2.1967888912215785
1.2776836103298572
-1.0115249430005717
-0.2692852729601947
0.15920877010391885
0.48579888747309996
0.1674577242089501
-0.38887925234267784
0.971577389719015
-1.2333965108549991
1.0511377827178066
-0.62863421674375
-0.14049359308676843
-0.3893269762213966
1.9672825376707266
0.05750117215353301
0.3432352825225775
-0.030967446653059293
-1.2364068174701635
-0.23468494391416678
-0.3915186062077564
-0.11735799080198119
-0.08472247063205324
-0.7847037890590473
1.3150009336289055
-0.7599337203702847
0.7875531113248037
-0.5093031932263232
-0.3842432272664005
1.1769851829441762
-0.7648309301258824
-0.2781494207252977
-2.1713543696169815
0.9682443846482222
-0.551331664476923
-1.261885793635418
-0.38985415200989454
1.5530814249529434
-0.5211125300966367
0.5308518336965766
-0.9486733277741755
0.41629555255346373
-1.1757720044450661
0.633342204079196
-0.471282485157392
0.21761598735673413
-0.36288959726282666
-0.42266601406441834
1.3369923756810793
-0.2162018764437949
-0.6878320980990177
-0.2706670398464647
0.3329656435121506
-0.09320343891644707
1.0054239426815343
0.4209980505438877
-0.2976312868481062
-0.9449667905323158
-1.3848018499086903
-0.22392171275529507
0.2242559990905589
0.6850282672789973
-1.4423225979596026
0.6778910083494041
0.7793973446067076
0.13464656782780884
-0.1540961163913974
0.7452013113340217
0.7868408146529348
-1.1586165312200971
-0.4458922505402528
0.7565797522325106
-0.5161645586082728
-0.33117289600758265
2.1447769454015155
1.1434569919395368
0.759797802538946
0.005478314786238905
-1.0618787731369967
0.27052052648713903
-0.41742179232757126
0.8377835356365686
1.2269124604811277
-0.4874010125228855
-1.8442496038086393
-0.6838391159240214
-0.8622815831218553
0.9885331292180383
1.5470735154077846
0.8593207055940096
0.11951102534395797
-0.4485242394225077
1.437786525314319
0.7099722529961512
0.29100815120782386
0.810608915301194
1.6696717654698694
0.6774250418948728
0.8002984346271811
-0.3275322384312401
0.1201040602583152
0.4769912504876757
0.6182457756381566
-0.009164801173937618
-0.6945385652033724
0.9008164325530079
2.244597736819894
-1.4600195457942247
1.7647029205574518
0.6068728028997744
0.9227928834852313
-0.6224484164090744
-0.26818147509878926
0.5758228940254109
-0.9729671838284052
1.9638574852506285
0.8214755368774705
-0.05369411585598629
1.4005766982874672
1.4766821652700661
-0.9205646538847253
-0.9258552126763726
-0.5874012586255827
0.1511665933692266
-0.6746980706498018
-0.7163422827983885
-1.3084919172127238
-0.6091582079003048
0.3825067974836797
-0.09696448805682084
1.255356900795714
1.4075215131175485
-0.7763408109572508
0.4330970902319838
-0.3331868601128086
-0.8233089747711083
-0.4748150095035369
0.8395358447856679
-0.041168081584983744
-0.34582764980722447
0.14766639376135127
0.0603892345366219
1.2236577886838926
-0.40696480873964463
-1.5951418724648072
0.45943309228580714
1.409280959956633
-1.0082934320621484
-0.8477520089439933
1.5870583039388755
-1.088819782160348
1.098071850254723
-0.47284528361966305
-0.5382480009284014
1.2762680815905985
0.2580632614113076
-1.232099283264153
0.17839172302280928
0.5660728090269738
0.9942759661358129
-1.0149892617597496
0.029860696070617653
-0.12533948969841563
0.4550357184876468
0.5219594392896341
0.3777426173709917
-0.3799665421962414
1.567500729476357
0.48172805075065755
0.26475999120895966
-0.3567445455836972
-0.7401965075457415
-0.11228042807424896
1.6770264321533683
-0.017153223868927057
1.060153508042459
-2.028605915242634
0.6833179885331824
0.5672667451977581
-0.9000120813627469
0.952382819013274
0.29527902577395154
1.4034870384002969
1.1826495327209323
0.8735560538285914
0.7830188498155483
-0.44156817919120034
0.2089133653164273
0.8480220388923291
-0.44758611224742
-0.4658603173307
-0.08730842926176798
0.025835236873479217
-2.0466689215575893
0.9584224271656819
-0.5386949291693731
0.7068416733528375
0.3675105725559464
-0.5309698047709863
-0.0012247530510203892
-0.38556867639834047
1.7918062810629392
0.003984778160868899
0.025480923141120996
-1.9918577525072378
0.5578502218649855
-0.2978895454161978
1.9521668896078892
-1.860739692317796
1.4909157645966664
-0.15484479881458824
1.1681631804498014
-1.5025315144208642
1.026562931847632
0.04772916435678288
-2.0694914198427696
-0.051265933075486596
-2.1155538399533933
0.42270024906515297
-0.8655948494738683
0.4490965908982588
0.6877733796788208
0.8169779745006586
-1.178095000574771
-1.6887874082145864
-1.5073182709284134
0.8753590310687914
0.856130194342375
0.3983832250223714
1.4865553250214534
0.6176490731595435
0.37164582446938677
-0.719968719573051
0.9323816658980456
0.2954047009998627
0.2177216781069574
-1.5281690265539327
-0.5712928185153853
-0.34220769553309155
-0.8182820840873432
1.2585749103498813
-0.5155831954576676
1.02358608722943
0.02978329316470552
0.25451239980821605
-0.844761551444705
-0.6901882836302596
-0.6321803659062717
0.35544322793063027
0.14032558187745367
-0.8498254953557155
-0.3938710108289514
-0.061937675824106045
0.8929263814692702
1.5103682058664014
0.8403854790781793
0.14703590988863416
-1.336107079134153
1.8476804964957871
1.2790315330096267
1.234026482718603
0.2803596446085903
-1.1992123544683209
0.4245058123275761
0.2733462280490075
1.014865373574697
1.9676266187190088
-0.1763138490606444
0.6158408348548116
-0.9729754832197076
-0.45069218177617054
0.25311112672369895
-1.1644812447244823
-1.230164768586313
-0.8338972203275768
0.16729660663338186
-0.02297822136846336
0.1629466655285835
-2.4725335063815557
-0.5496918062731776
-2.14862272772006
-1.0286291260721705
-2.536634499349565
0.6659126243450795
-0.472072394170076
1.8816529777496822
1.7212564056278492
1.0309476539648135
-1.1696124699308357
0.4725311301888218
0.7902803996343223
0.5304152656765758
-0.323867901639204
-0.9502824204977647
-0.8052111694972149
-0.29710118442137223
1.4665009135774862
1.5309642952684275
0.2160589804073481
-0.7163581064537043
0.6320187538573585
2.493968807769421
-0.6281011093990623
-1.2435391440139427
-0.37443385562116055
-0.07651508227119201
-0.9395030707576311
1.2652242892400065
0.044935314581368874
-1.6568340591004709
1.0519736882072417
1.9154521829492144
-0.028672400067924105
0.5917906394076896
-1.1959832601627753
-1.323060407366864
-3.5170478705909134
1.6029254173577787
0.6453000767598496
-1.1818372489763393
-0.12077995646237685
-1.2632450897150052
-1.0382128858034725
0.9175782414385496
-0.8348624917480428
-0.17812351887578573
0.6547566013347096
-0.7066063919187094
0.8025037422299062
-0.7803167841422728
-0.413218105361748
-1.184248503418
0.03323635776226316
-0.4381572032981059
0.3381964983964676
-0.607085955090668
-1.2237109751342548
-0.5179343628331969
1.1902773494471328
0.19008766045005138
1.51278071230539
1.189394900138079
0.67389547085266
-0.19984230890319035
-1.1284446389920644
-0.4584953055817108
-0.7456196981333815
0.7511525419658779
0.6261158624774957
-0.37825418419301415
-1.10052203818218
-0.4662803302108918
0.1921829908877777
1.8637683351350616
-0.2656389604222208
-0.7303552179051146
0.474470586959607
1.5650512557103158
1.0506419476098892
0.5397125764371733
0.7042975691028509
0.6905117973753402
-1.327634169763745
-0.4193488374498007
0.8049624844431755
-0.858819551109002
-0.03716099249896442
-1.122992994462289
-0.7058429019612278
-0.3416363561623351
1.1549757916544052
-1.3893357701495148
0.32854478285507516
1.5162899535411465
-0.1666385193360335
-0.9985069838286323
-0.01790512374188047
0.11614779837910605
-0.5052844004493893
0.42226479581413323
-0.9733077750398416
-1.1141982849127154
0.7745558329543387
-0.5872065371689301
1.2846811859347746
-0.16259387930770536
0.018121251901096386
0.365878405250876
-1.38469253731814
-0.2108386842938104
-0.7157115245996212
0.10099312331189236
0.14658116381386316
0.1684158737751548
-0.8917259029604667
0.8403476059676591
-0.09433772044778763
-0.6763243283250522
0.859199911886255
-0.5683290295534292
-0.11979877333308012
-0.9161479023150255
-0.4410306754896912
0.5824072650962631
1.1538872524117785
0.2338675952767732
1.0542585288529336
-0.8479560729604045
-0.662573174009476
0.23759230096091824
-0.04648285769965072
-0.5391340618862073
-0.6713073853819993
-0.883436889350873
-0.6708041383054136
-2.7248307976685258
0.12605772588658473
-0.4905175739406196
-0.30362380442410464
-1.8212075197886501
0.023339859203619685
0.27841876662069726
-0.3075538653242376
-0.3301703003190245
-0.5849912911738031
-0.2469845901153966
-0.4437342627481456
-0.014703448460588903
-0.11151255278988856
-0.012220974938708296
-0.6425696045766619
-2.0251214507660613
-0.1506099727583538
0.3138173598047851
-0.612773435624243
-1.11020576858503
0.8398036969521068
0.7032742030854765
1.861841944470407
-0.39374448444941484
0.1314703765411953
-0.9366450012064236
-0.8100235754669635
0.2650683870151935
1.0030733394523697
1.0259840001793372
-0.27335446170478733
1.3793316958247837
0.3569422010676135
0.13847684710114452
0.11751209638900068
-0.15045227213415893
0.055465379605537775
0.09919967380627864
0.811527173053393
-1.2376822616852512
0.32637461673408724
-0.5000740516012361
-0.8225242935701172
-0.611014310876808
0.2968331087373402
2.16931260041913
-1.064983103872938
-0.24117927923889404
-0.1866657556897719
-0.9931512105489184
1.3496232455786308
0.4228795920509462
-0.9916558479051195
0.9178034494192839
0.6666264672913297
0.0016201493612202182
-0.4011776921691205
-1.430105221249455
-0.10554677353662209
1.3355302434687382
0.6836099818261873
-0.7194928715710753
-0.3184574645568043
-0.3482544182060365
1.1583221620982114
-0.24027103211587686
0.5391369851546526
1.1210276935999863
1.6132713155814868
0.2281269870886032
0.5990103769648789
1.4219110705706894
-0.4696768783615959
1.2983727124201638
-0.32575713785143556
-1.8121836223824421
-0.21233769212659498
-0.41941111338076864
2.0627696857915647
1.6922020143948655
0.40662676262207764
1.7487034271886321
0.44033832610907636
-1.2819960031353868
-0.23480076957176638
-0.9449767390773187
0.7466261959054399
-1.4597005167222061
-0.18633277453634545
-0.8749885340273365
-0.3806952283770517
-0.2986968537079869
0.014316768878847723
-1.820403838189057
1.348822502296965
0.4239345866703609
0.12450120789196088
-0.9154886358217117
-0.6328077302121391
0.8298346702370187
0.2412504955585669
0.18843241253625218
0.4324970541933376
-0.4807994835745931
1.3055095147052809
-1.9060901777858923
-2.557115454760975
-0.6365348534041906
-1.2086581933017435
-0.9591878740136495
-1.056486806085099
-1.6444169023995414
-0.2687151848656969
0.6474729376578695
-0.1877740897151703
0.630224699404542
-0.8887374698953132
-0.23101004580572496
-0.16983970906597035
-0.8260504207005123
0.33409636122047465
0.8287096710282768
-0.09203092865884213
-0.5647165986606499
0.07300659808998121
0.052205792595639136
0.11428234434234923
0.7232762533330532
0.20117972497284134
-1.3243869644966404
-0.903138764717962
0.6310681502183364
0.5083778283370427
0.680849909506962
1.1151167813086063
-0.9379505575623652
-0.3317485688790106
0.5447720210535552
0.551098800268217
0.6328036528023402
-0.9458223333303959
-0.9072148870822886
-1.170159590726914
-0.36703894848816293
-1.0536043426608905
-0.8260191270095991
0.8574682871592125
0.9249081823581509
0.7668048975218628
1.0161853185043779
0.33675319320050234
-0.885601737281463
0.6537914015766246
-0.13737658757375937
-1.151377325166124
0.6233391472304318
0.42497929423402725
0.8864121619551747
0.2714839872238708
1.5810087246983484
-1.242949009257183
-0.030761163965662718
-0.3970894446565187
2.831435920014907
0.4169999082382119
-0.9199090496482275
-0.8353973897243187
0.6166512808732866
0.8879544814112238
0.527873015430981
-1.7443479071268027
0.0009741075557462766
-0.4450111148002005
-0.10441934797433595
-0.8222516729522826
-0.577323910453896
-1.0258466693474129
1.9509854482454039
1.1298704212566562
0.7363892861088162
-1.164100137415052
-0.5422595119527516
1.463696567762893
-0.661143006130676
-1.2222491602014294
1.3449461260835553
-0.17013389507419907
-0.8671262355324811
1.0884218338335765
-2.0266436793806046
-0.4431798912542475
2.0699621412418496
-0.4586616485579653
-0.10267917864199165
-0.4822855319737229
-0.1680572492787309
0.9739557933308349
-0.24122113893498212
0.06393756417451683
1.528413826618393
-0.3488931941951984
1.4240974728622628
1.3854966195000589
0.3170275988438508
1.5095720284764265
-0.03457903199280165
0.5816916792790169
0.050435431801571805
-1.1399779300185122
-0.12212031962253755
1.532093866284454
0.9571711599690796
1.2913761399995187
1.371404694781992
-0.51502423494109
-0.44422906099359083
-0.10055355613253843
0.5971182703374374
-1.382877312772272
1.1132685664520576
0.32188948667499795
-0.37157955630045897
-0.03408396751432309
-0.8041956359821226
-0.8050442592300586
0.17159789291793479
-0.5980500084012096
-0.16215501968486087
-0.21230265882583882
1.4560733034518207
0.11824924107595436
2.1207568809828903
-0.09169454474523378
-0.2830959655848371
0.33081230067008816
-0.5343922735395642
-1.9671242292227478
-0.4295166315890189
-1.1280559609464844
2.6752669918242846
0.11946929435808569
-1.581001639516122
-0.09466174873159759
-0.2974650425434369
0.582069170260811
0.4641698862425113
0.24697836096661896
2.8971258240204905
1.7223939922793532
-1.2128033528526683
0.4106907635778862
-0.5141422924135218
-0.3032928310440574
0.215557063118464
-0.2995834027569384
0.24536487028666892
0.660020266870121
-0.8458879365827185
0.10389038611212698
0.8844596480864834
-0.5595828197508895
-0.8447667469396948
1.7256061200839237
-1.4548046384111963
0.10649238750301726
1.0435144113895594
-0.182130379382947
1.137229841820872
-0.8155894017145516
2.0820832086232617
-1.1237100523393813
0.7448024883387252
-1.2111344677433897
2.106557384870182
0.9469738148305937
0.10386108428776
-1.3654250158784917
0.8271643447589766
0.2515348570416747
1.6034413333814272
2.024497081902383
0.43679917354965236
1.0597119160964121
2.315093206366826
0.12823398565321328
1.4258891878619115
2.821831037727043
-1.4070791822365385
-1.1415246135432493
-0.014707542888436741
-0.2176273001641825
-0.1012681226066258
1.0414427061202989
-1.807986789327785
-0.30424858449596437
-0.4273259032370886
-0.40798782104150155
1.2215514981596338
0.35435409557607606
-0.9459662134870557
0.559296075947391
-0.09053296578467732
-1.7626331830500126
-0.13774881059023397
-0.2837947854455465
-0.5152410182103517
-0.8068600803717081
-0.015372995601722814
0.27029062246464736
0.13007164831350929
0.21009450080878897
-0.2815820447423089
0.627103590876813
-1.8036560009070512
-0.5242291035206696
-0.7401005830489297
0.9544593936882112
-0.2202471223621662
0.25653638544370405
3.052935895865336
-1.626025993402943
-1.4081831358625523
1.3721914889827305
-0.7429516875646741
-0.3052638571417042
0.13220580725998043
-1.1005292995581997
0.9282540265947341
-0.551079620736887
-0.28129556894185265
0.4739351480419655
-2.1573945656759412
1.1896287717161398
1.1848825878460438
-1.036556509715919
-0.22547139417605905
-0.23869029273567094
0.016865538802189044
1.1532065129649303
0.12920435841085293
1.269067333669236
-0.011939804017650817
0.28015073908979166
0.8083100095669157
1.4847785721844455
-0.6930431233281228
0.18088109758529156
1.1908664715518928
-1.0213696839691053
-0.01905393418104146
0.43917312175390805
-0.20466599472156535
1.6849105248420357
-0.5793271532954689
-1.0837219062620318
0.24584171477403793
0.10093971086234937
-1.007897266241214
0.7461166240947984
-1.080049926880284
-0.16812313353828623
-0.16037032205388838
1.8423144306748205
0.6588798200101027
0.5455730497341534
-0.8739186981531241
0.9806401796555766
1.2403998937002445
-1.7426553468554327
0.38668671000697263
0.5214758008692447
-1.3721040990943099
0.15915415031979985
-0.880811488655831
-0.36776253366237044
0.5436605076595902
1.4507956140648992
1.4560631653491167
-0.18083163713364167
-0.5319058583257074
1.2772448317890854
0.41391070136638713
0.9407518478453447
-1.7341592103016985
0.5532800067718107
-0.12692786171370027
0.3141161921175443
-0.37968288404834327
-1.0098599819988041
-1.2869511651467258
1.2791538568132377
0.4451673400516953
0.07521514210699345
-0.06566060590287971
-0.3502317839474698
0.5994989501617283
