0.737430999183106
0.7015085424493217
0.15905196113235698
0.10560414486300052
0.6112702618666322
0.1840992841567206
0.9866246327735653
0.16942076357806168
0.6395740858986441
0.5147480056429663
0.04919369597919421
0.968406701587652
0.16988385995007416
0.9915984687665902
0.943147665348801
0.032024110609460865
0.8120823935237156
0.24358533193004173
0.8641479006015764
0.5579182702650246
0.5177205961150273
0.07115934983450478
0.7465000451082802
0.06939136289669601
0.7121033266629114
0.8370189819734725
0.43913238531532583
0.8494579324348815
0.005195749910646197
0.9010735972097336
0.9709132038804129
0.9148230148483666
0.48949450536335126
0.621508429576975
0.04303646076909895
0.11721618087602936
0.9342259728682683
0.03288655570735133
0.9050973520846167
0.3229786659354563
0.5294922443197145
0.5834516446051387
0.19435442695292116
0.8589773447891756
0.9225312970780042
0.5288911423003609
0.47231058054190045
0.483930392396725
0.2047901886779333
0.06414114113170377
0.370427502222235
0.15512199802924675
0.8257408783729367
0.6843883422497027
0.8558172338960148
0.12920490905056525
0.6677084632552588
0.35381087958328805
0.5731967216077696
0.546392986832632
0.43845084844283
0.4627616939828646
0.6154352969663494
0.36266162311757966
0.3529329775795472
0.19281738749965804
0.8086592464285177
0.0704082425609951
0.08636709054202929
0.6160246485699337
0.23446895677736457
0.5364331629583304
0.2684177395210492
0.7021427180793138
0.9669312429206333
0.7464117515709153
0.6787958528964614
0.356101689977087
0.7928492480575303
0.20718167251724096
0.23032814262525314
0.20882655631610247
0.08029808112210113
0.36499529312747947
0.48358574225575135
0.5866251200774408
0.34984895809082517
0.5977081327113283
0.3221603568558241
0.12254869637157184
0.3499421944193275
0.3649317636575765
0.12724651262891207
0.392622636963999
0.6608546925389831
0.2605625230606273
0.9152414442446833
0.26428310508457387
0.9224852355943086
0.1983933852753489
0.7293523954104165
0.8145835517381751
0.5421185108914579
0.5504513083042653
0.5254255332523322
0.9051528718263679
0.41622826986771333
0.7470094780554639
0.6651986325948709
0.7717628647140385
0.506840352190891
0.3857166603714981
0.6000199065447018
0.8563318274662544
0.9820677635319929
0.15563388181592064
0.8935281407851211
0.8281705603996191
0.28326016266083565
0.1444983084029976
0.9736874716585602
0.18593449262480932
0.46053366347401103
0.3325682850000503
0.5366184401018944
0.515980640303741
0.14283432667470342
0.8122802369797083
0.4985174172655725
0.33210701990188163
0.1376150246302057
0.653984636865785
0.6964979242137692
0.3565027400017182
0.39124898715044143
0.5033588705961026
0.7428709791215594
0.4486308607006817
0.867590484104097
0.7485948518886372
0.4708162962082476
0.7760966231759634
0.18653975042251625
0.8130297557539565
0.7436984898984903
0.14085153706565856
0.484456837880329
0.44103149987399026
0.7247492681191593
0.02245431337913051
0.24403229026970918
0.8622286093162703
0.5358663071763388
0.4516035996046569
0.7297597221260674
0.6140151421775606
0.8904515949428042
0.7581363928705644
0.8217730712620833
0.2387608525555438
0.045801057102101916
0.680697710666896
0.5373036645955455
0.6553451215142508
0.2163749972973863
0.04042394599060206
0.8566065172674567
0.16687746931323777
0.21411412389173734
0.6306423469862524
0.9993059027508447
0.9330552439936376
0.9660847925132375
0.6059875167692883
0.021434333596755617
0.5169596911373268
0.45356542712032977
0.5624448197597296
0.9724550978129312
0.3724261329871664
0.06709388259418536
0.4512615857119123
0.5620312829228227
0.2461176517485567
0.9991287429343266
0.30031726844058015
0.21983780607294467
0.3960853418519217
0.2027909579575976
0.30003103304497214
0.9955328796095136
0.35304607383402975
0.6756311027344897
0.25784095823245123
0.7456868951165705
0.46072465554327247
0.05917954176863771
0.717862798775215
0.8950223438724023
0.14672553971089586
0.29285502109053174
0.821420320070129
0.3824058083402555
0.9549826394330956
0.8684370001162941
0.7049400534438597
0.3648830599947357
0.35361693678596984
0.5369372728930549
0.23541099645658492
0.2133486207878924
0.11368477369353325
0.9152806937039399
0.1664289177280125
0.615901389596274
0.3429625034734536
0.3619224206459458
0.940963172413461
0.6561677893452416
0.17925050889589933
0.45961890779791703
0.00032491169467163683
0.025610148780993436
0.6090429464375149
0.4810581281719447
0.8537928924315699
0.05729483541450875
0.8609525905164112
0.4484569531160496
0.7492669623669502
0.3394584988045808
0.38943063654252474
0.8772575481368302
0.6590124309352159
0.5021402956396976
0.5146365555708325
0.5795609021302269
0.7075486304842827
0.7472057990666329
0.7914020895382062
0.6500178302765289
0.05032758328991627
0.7662147666773756
0.2805519853277596
0.9453254491773421
0.7135665428919056
0.2893553853078046
0.26347754220127506
0.8199010621902141
0.06661245414405947
0.291596812868144
0.6023934448753769
0.659768134867102
0.8914138348016333
0.8664548190920887
0.4840906514529446
0.34405016158851975
0.471524922869202
0.1637743499940496
0.16593124309065355
0.2086427252093127
0.3393775562648439
0.7907705910790778
0.08234956223821899
0.9872228748861966
0.2481490835597655
0.40780778306738885
0.19077414086060973
0.026739711681172063
0.7271541013562745
0.7792841136968175
0.4385854698950208
0.24523674345107072
0.4305350741615569
0.9661399324277546
0.4702006427881896
0.8103218946226712
0.37975932502123644
0.404995576156327
0.12699239087933345
0.30038311928680217
0.0761205231996972
0.31244839658120827
0.18494088511394846
0.8326208047572284
0.9237430588899255
0.46377509919330007
0.3437093285033761
0.4300797757452681
0.6606384632558918
0.33523936553094924
0.24641796322349363
0.5314631163494749
0.27904569387020994
0.43120030725416636
0.4897092862484852
0.45997730548309357
0.4705443447310803
0.8863140151554004
0.773520639687399
0.4287014804149939
0.4197450592608333
0.44813785973738685
0.2105611910901488
0.6239677376018301
0.442461041699298
0.4358449249606984
0.1803701480481692
0.5078507621218821
0.04095268908741179
0.32306384931800747
0.9142665970247489
0.019595121264826765
0.27802975879876013
0.29761673437127933
0.8584002181749335
0.07944570112351079
0.5265347940118096
0.46372691696165935
0.6716537049264022
0.9140589560471223
0.7408129990371176
0.715248915619829
0.3076141043097601
0.0031061137350543166
0.40557002311811086
0.7548884130581984
0.013718736450388458
0.2913380201751393
0.9950451219627213
0.9998698030470902
0.35889721716083856
0.15706470925175142
0.9546785744629749
0.43922015537533776
0.5606476196658775
0.9734791426540381
0.2716902648635321
0.3412261699545963
0.5794398965006503
0.2912051532902452
0.7233046852493297
0.446909825690484
0.36188416207482677
0.7692761777804973
0.853538299746391
0.46553839418345977
0.6669958306818329
0.12627781829175233
0.9953987472474456
0.9234552709465627
0.46302429301820913
0.23413879605897958
0.45370968853420435
0.5873231250830726
0.18970898732475472
0.5847378179095845
0.07547325728414722
0.5492118839027631
0.2666434219907705
0.7606066993993398
0.9688262626193939
0.7807270928212262
0.5562933856161416
0.32839711841580643
0.8317410475095834
0.2662975298335818
0.4222980720774301
0.44499106056622617
0.5495411367937392
0.23138106794025415
0.24094486745386723
0.24177473165739205
0.28619265413195216
0.9298104598284769
0.4025329822803705
0.7503426247740044
0.9858472283297928
0.6076381131188909
0.8590553685661222
0.7153985956701838
0.6904328054619334
0.07544666907476383
0.7772753159554264
0.6749330109679631
0.6424518996159395
0.579566299623356
0.7205467911616938
0.06912579161306465
0.769097417976719
0.02832497139535184
0.7395868688021822
0.22229433206755256
0.8674584791338862
0.17041040432842958
0.24444312142915348
0.13578176637116313
0.2836192860535086
0.788458266948049
0.5067246246627479
0.4707367689266867
0.5763905726803228
0.4415437341866163
0.2109990850535156
0.5678106178829573
0.8976040169180298
0.6978186167369811
0.4785890585613045
0.5963501693793807
0.5546381971843765
0.5510895600155545
0.2114829523084153
0.6651672672593191
0.01279429443659219
0.05057830716473133
0.4056868707626583
0.6974355341625847
0.6723863606534987
0.4499604716744453
0.4717196769786254
0.06293812741760929
0.9033255280730315
0.8077467107117047
0.4632272257990313
0.41996527710126097
0.4064661167741769
0.9295296040680951
0.7857863518236099
0.4577082595975447
0.028102531019460475
0.7490600452007092
0.3822772466582506
0.6058989578333497
0.9060042871306562
0.6202374710728281
0.669781376494494
0.6369509687969229
0.17062983978254087
0.797553686470012
0.04730731153646861
0.1710290053441309
0.11919525692567878
0.5049621499187553
0.5018002251343371
0.36642793576904154
0.861886961223184
0.24090078541668847
0.29042336820809056
0.8772659527946606
0.695713270934143
0.02957238454490685
0.49864469762282904
0.21701858147193065
0.5850350520523827
0.3314103638242284
0.7457422034996812
0.5637329905073656
0.798664181899074
0.9143017569092721
0.11297199703192906
0.04040093458255689
0.7864936817559977
0.963259085631429
0.29449147321915436
0.021148164573044803
0.778652100591861
0.17129836259950626
0.5172667093649358
0.7073356451700862
0.2524643517410514
0.054933965512900085
0.6910190372095718
0.3350406781868531
0.26790936858399395
0.9396059911169687
0.9144369112991597
0.6532520273579997
0.9720052175772043
0.6038886597092877
0.2756007661837768
0.5919812702689613
0.16224400740317224
0.4957995419109924
0.6649791902055342
0.6385725649143036
0.40984746627409574
0.9893794852234972
0.1348185016818858
0.4886275577110798
0.7185777811499221
0.04684446491637728
0.5937627642622867
0.5369998401402337
0.23104086535461021
0.6865777015373089
0.30421789170392555
0.1434236438099702
0.3472256527796693
0.6858260283093243
0.5804188645481397
0.037373504156963944
0.007745476000893148
0.405240609150038
0.5808458032057375
0.25683604598702303
0.7590202511901889
0.8115720992421007
0.45391127317054025
0.2215618654578433
0.12173738431255221
0.1616362380707157
0.6752781360129025
0.253581079460352
0.6255843350391667
0.24739918593741705
0.33882879877421346
0.017997935258373232
0.8945107951364555
0.37913833645560413
0.14632154458646174
0.4769921055143541
0.6182389852966417
0.5358604512928673
0.07184824806706946
0.4328166658734086
0.5602238692465672
0.49772422498823454
0.21634906128740783
0.47413484801898675
0.20994324119272734
0.9492237510266366
0.7347122137928698
0.4355267643349461
0.5570633735125292
0.9716525507782352
0.7738985165864236
0.4583639693018672
0.15251103018063794
0.1260122792901407
0.3407684486148699
0.6114276319404608
0.24646898182135213
0.05941416220651885
0.16551933847700018
0.837245682390646
0.44816084757644403
0.7184536091346648
0.9749606093435823
0.07042567959723678
0.9259804870812779
0.7702071966916111
0.36526184904479464
0.8585473523794325
0.496991174064935
0.23442184052070647
0.5102127763625419
0.0759491377496665
0.38147685380076857
0.6556117826353006
0.11583866827569034
0.9533476697573231
0.9066591375461281
0.02965552274160943
0.7367043972445454
0.4556898857701429
0.9934943990869544
0.9885648571164695
0.5279239867305683
0.02147849069369623
0.5932215539967391
0.9213020619913962
0.27532203457734483
0.7651227012050018
0.7536924175928984
0.031057223320166694
0.006777670423078308
0.31246076141041423
0.6704531482201557
0.01501373079337276
0.36117314594274774
0.33379551416787956
0.9639999066829765
0.4865373987639412
0.5007572015316428
0.35198626252742315
0.46529926622191775
0.3670980678322492
0.33369092868346595
0.031037671795544952
0.0767318230278079
0.39776041705795573
0.8737177188180568
0.42366119105083033
0.8432529948537586
0.9489920986818404
0.25165099183867834
0.4023250740768297
0.25929291416499867
0.20191056494017545
0.41701005298376526
0.7062847972668432
0.2048282886232229
0.3283686698007161
0.01050708845350512
0.015256035493186992
0.9375089761022162
0.43063846393192295
0.44905711879999366
0.3560750158263888
0.750145235725162
0.6957777311540901
0.3174020423403191
0.6087757444306772
0.5797778527566415
0.13666046133474297
0.06994687588053505
0.6747549134700962
0.7940114309246323
0.1910853203434908
0.9981245559810095
0.4385486127510282
0.9814218995792034
0.3532685425970672
0.9186194614470803
0.8954956589174592
0.6818596182507383
0.6369826025485386
0.7921339333477194
0.041049317345150604
0.9966108224612911
0.46277335649003115
0.7922954372670741
0.3795228528388571
0.42770972951182584
0.4099185806867893
0.8770119316979693
0.9776384371734816
0.6086191631212119
0.7182834098064744
0.5562455719594388
0.9112232682881147
0.3770111075793203
0.9858487386758886
0.0904554813006313
0.497260319206863
0.10546853279678836
0.7980195524150631
0.7372525269303918
0.7164338782336256
0.5293973019426027
0.8963121126479032
0.7050603420365281
0.5723380916202505
0.8816155865720164
0.8862331214392064
0.5731482772089399
0.691320001750135
0.7166506765515941
0.8782576753187518
0.310117684354136
0.766704486236332
0.8312755472061222
0.256417651592744
0.851007336426664
0.18627154843331994
0.008999519503184339
0.1067869413875131
0.1566811232523856
0.8594646542202354
0.29011645518592866
0.32087172052360347
0.026068759902099448
0.8439161784728699
0.28287324589980567
0.11586361017635549
0.07938386156873423
0.782554874679244
0.7192853788421951
0.2875141489959563
0.032930699177829315
0.6092585518282223
0.8702619890387566
0.594928069782163
0.11305539093856232
0.10222742409769214
0.49373043652491877
0.021449676052002986
0.011873126049818494
0.40178031556385563
0.8202392488289032
0.9021140909090989
0.6869630005190289
0.8526322589926805
0.29158308797675414
0.6969708093398943
0.7807493978923404
0.634060068527306
0.43220282960354295
0.37361616274772147
0.9328556124155746
0.5922127031099051
0.01576613446846631
0.7423125976579072
0.48660798389485926
0.6268217948728038
0.14174374474796791
0.4705856755556851
0.2388444608091358
0.6941358610335484
0.45405264128021927
0.9629670380704262
0.9632628221271121
0.12018765504735618
0.3167723384813871
0.25987949199913996
0.9893004175210455
0.962063003980274
0.9248565601502117
0.06584037310698976
0.2778191191935001
0.4786822370081706
0.9443461123312153
0.5516309941920945
0.7173574579184553
0.07706765508013724
0.801667420036464
0.11790824696761415
0.5127635169531604
0.15245963099765614
0.8228001412755794
0.792869828713254
0.8807665360052706
0.8302686379739689
0.9273599984329097
0.4216814308266954
0.12702422310252537
0.9284429022092024
0.7105856113200133
0.6380406297703878
0.45009443601405097
0.4400991799635854
0.4979016563479164
0.5685904321076106
0.570851601054735
0.7031819871803231
0.21767153125257177
0.344285704658872
0.925123871373945
0.5032000373195726
0.158991539134141
0.5220818020810333
0.5635877344307342
0.19277646303993656
0.26726496463268534
0.4903608708962195
0.8771728124818097
0.36493182847077255
0.09441387703837745
0.40143918048386185
0.14335805008040492
0.9273900116459034
0.4048845806194479
0.28258368397278444
0.5531521536979741
0.3035162740456694
0.9471282926082235
0.06834251405420633
0.4058862449813041
0.022311864682904914
0.45743990752063524
0.26441776911913306
0.8874074148815183
0.21658438235920385
0.39492105131929234
0.5428367185496616
0.9242057071455327
0.6255649711448383
0.40734605261319357
0.647376959620487
0.536486241074042
0.6441726548812795
0.8717351556811953
0.4940061738718513
0.7551798954485685
0.19720443622778194
0.7388813773560255
0.09344728715976647
0.9116328038997641
0.8509073578296087
0.8363882642713256
0.15022084894290677
0.5319322422239565
0.9933900917283861
0.7263138018787818
0.10320822995131973
0.5011589111150873
0.7188435589559502
0.7551239438447086
0.26259627728723534
0.46242553816552967
0.6232523516256188
0.11646923071640647
0.7636681144293089
0.2583532980475777
0.5614509553876823
0.6415827117524093
0.04199457013834096
0.1615100320897188
0.14698019748680224
0.8774770144125131
0.9807570597725626
0.6177125969166413
0.8222174028196414
0.49283448366085547
0.278912758563603
0.7942579219984891
0.04520606853268927
0.06410545213835128
0.13546371778343913
0.3125585773498242
0.7327771239729667
0.6655108938906042
0.26201762796977546
0.5460892606476438
0.09616407965213991
0.630383069434117
0.4019093414911217
0.05565412700176264
0.4607288119854217
0.9070875122329439
0.12212670343120102
0.4523498173956152
0.3628359094526631
0.9165801732076487
0.6513574011346807
0.7016782018571708
0.6637894613799504
0.0873870567416255
0.4774451641838142
0.20773995485234586
0.872156396550626
0.7036498085669899
0.1297892635640413
0.09529023778127288
0.6352125704529858
0.5434501191685587
0.6389934917648503
0.586791405943129
0.059975958335997115
0.09967669735044715
0.638923014311976
0.0280586505099516
0.6721333358769864
0.4312985101183755
0.8950679152729317
0.9945063093328124
0.12135051849165213
0.721194663288631
0.3446600968681036
0.9973832798403628
0.23157178550072544
0.5505095329841548
0.8137068293417633
0.7937832173270043
0.26455874897721876
0.8070154416028062
0.9499795414201914
0.9720389472237869
0.2707842518210436
0.6168637001815951
0.5078301482434471
0.2776858375171062
0.7007935589969473
0.5446368247039025
0.23628809286086583
0.8669028926593098
0.7404171551956806
0.9647714565306623
0.955123974865802
0.8195432499459421
0.07238893320654194
0.9456629798451569
0.3980854967727506
0.5551107915469262
0.4298938237311597
0.32802536141725125
0.047118769459835286
0.7213748556490451
0.06881630537832484
0.6006311949064452
0.2858054086168741
0.08378514350269328
0.6410256235136813
0.49315891362839226
0.09370897629988906
0.24259454832650118
0.026405249678849052
0.1632811454313413
0.6706254305787949
0.5721319599698663
0.8598278089696773
0.27552864462829707
0.19209944314754634
0.23861373744429204
0.4441277825482157
0.5743487670510931
0.35332430052303454
0.23040125178190862
0.30419551787942367
0.5781418234300217
0.5526172353486567
0.24848468755059305
0.7809070710492445
0.9543854764612909
0.2640663383901789
0.8964097696412348
0.611511667229338
0.5190834251666938
0.2699776313795037
0.6373447209273823
0.5456921023896493
0.23638596060006478
0.527724484480916
0.28982530711727594
0.31355852658804995
0.5064151916878022
0.00933926788197259
0.5102006377839827
0.7907652289243228
0.10232139324052947
0.21317212806271235
0.8564570835475688
0.18048465603947528
0.9543107082230936
0.06934933464412907
0.48442097465378087
0.3847370720532104
0.27406770992133
0.41018362643043704
0.3250982654579946
0.4001743736423057
0.2141309282334336
0.41934148484546685
0.19129565087253664
0.30648262207356625
0.5852006752535468
0.04361347535269888
0.933188296514727
0.2146509924112341
0.4070135126851868
0.558379456575987
0.21530013188357133
0.8288929205076174
0.12402238513016539
0.7927869475628764
0.36584904657602435
0.3187228257165997
0.5252143223736361
0.37374363358280505
0.6075943181392637
0.6531363653146196
0.3385911843474536
0.2525046330318793
0.10903251151190019
0.8368797103707131
0.9730194810024245
0.07762795414491941
0.3800284950615478
0.7042236997951832
0.39089965625663425
0.38470794101917505
0.1389264172133413
0.08750253657982743
0.09859784968274643
0.38261267129603527
0.3459760182211312
0.33344268218653883
0.9208581825690454
0.07317511302448731
0.4951795482859884
0.6566253131316929
0.031097631436892925
0.38984889605545314
0.3763717691673828
0.7405593646619999
0.93257485911475
0.5867989674717726
0.5397891178692297
0.744396319195065
0.9721226806803702
0.03386169114230608
0.9274012902405955
0.4814790699480067
0.8921119896352403
0.22371695681998516
0.10582881272663436
0.5141302856600601
0.17362102595375672
0.1928194633377719
0.1273935326912219
