Одномерная длина 10:
 [0.25 0.25 0.25 0.25 0.25 0.25 0.25 0.25 0.25 0.25]
Одномерная длина 55:
 [0.25 0.25 0.25 0.25 0.25 0.25 0.25 0.25 0.25 0.25 0.25 0.25 0.25 0.25
 0.25 0.25 0.25 0.25 0.25 0.25 0.25 0.25 0.25 0.25 0.25 0.25 0.25 0.25
 0.25 0.25 0.25 0.25 0.25 0.25 0.25 0.25 0.25 0.25 0.25 0.25 0.25 0.25
 0.25 0.25 0.25 0.25 0.25 0.25 0.25 0.25 0.25 0.25 0.25 0.25 0.25]
Матрица 3 x 4:
 [[0.25 0.25 0.25 0.25]
 [0.25 0.25 0.25 0.25]
 [0.25 0.25 0.25 0.25]]
Трехмерный массив 2 x 4 x 5:
 [[[0.25 0.25 0.25 0.25 0.25]
  [0.25 0.25 0.25 0.25 0.25]
  [0.25 0.25 0.25 0.25 0.25]
  [0.25 0.25 0.25 0.25 0.25]]
  
 [[0.25 0.25 0.25 0.25 0.25]
  [0.25 0.25 0.25 0.25 0.25]
  [0.25 0.25 0.25 0.25 0.25]
  [0.25 0.25 0.25 0.25 0.25]]]